index,Country,Total exports,HDI,GDP,exports/GDP,exports_over_GDP
0,Albania,3559.042934,0.796,18260043499.8068,1.949087872675471e-07,1.949087872675471e-07
1,Algeria,37100.0,0.745,167983141738.311,2.2085549547463192e-07,2.2085549547463192e-07
2,Argentina,77935.0,0.842,491492700657.012,1.5856797038047348e-07,1.5856797038047348e-07
3,Armenia,3022.5,0.759,13861183873.5931,2.1805496756724768e-07,2.1805496756724768e-07
4,Australia,344864.496836,0.951,1542659899992.54,2.2355186443730577e-07,2.2355186443730577e-07
5,Austria,202806.14937,0.916,477082467454.295,4.2509663046762256e-07,4.2509663046762256e-07
7,Bangladesh,44223.41,0.661,416264942893.326,1.0623861258317134e-07,1.0623861258317134e-07
8,Belarus,39762.2802,0.808,68218816484.1226,5.828638233449032e-07,5.828638233449032e-07
9,Belgium,545283.5269,0.937,599879025377.51,9.089891525326253e-07,9.089891525326253e-07
11,Brazil,280814.57746,0.754,1608981220812.2,1.7452943131197466e-07,1.7452943131197466e-07
12,Bulgaria,41017.66512,0.795,80271119426.1076,5.109890756881521e-07,5.109890756881521e-07
13,Canada,507614.63458099996,0.936,1990761609665.23,2.5498514343279974e-07,2.5498514343279974e-07
14,Chile,94677.0,0.855,317058508651.76,2.9861050063787474e-07,2.9861050063787474e-07
15,China,3363755.256986,0.768,17734062645371.4,1.8967764602229724e-07,1.8967764602229724e-07
17,Colombia,40287.460309,0.752,314322453228.295,1.2817239078920935e-07,1.2817239078920935e-07
18,Costa Rica,15493.593628999999,0.809,64282438666.739,2.410237375922188e-07,2.410237375922188e-07
19,Croatia,22812.13564,0.858,67837788543.5852,3.362747537877565e-07,3.362747537877565e-07
20,Cyprus,3786.55334,0.896,27719337670.0177,1.3660331228244612e-07,1.3660331228244612e-07
22,Denmark,125944.72759,0.948,397104343478.301,3.1715776887965967e-07,3.1715776887965967e-07
23,Dominican Republic,12462.0,0.767,94243453937.4462,1.3223199574446427e-07,1.3223199574446427e-07
24,Ecuador,26699.199845,0.74,106165866000.0,2.5148572560035444e-07,2.5148572560035444e-07
26,El Salvador,6628.75,0.675,28736940000.0,2.306700017468805e-07,2.306700017468805e-07
27,Estonia,21517.87019,0.89,36262924353.6041,5.93384857221571e-07,5.93384857221571e-07
28,Finland,81972.26917,0.94,299155237589.142,2.7401248204980523e-07,2.7401248204980523e-07
29,France,584767.5631,0.903,2937472757953.44,1.9907165488316294e-07,1.9907165488316294e-07
30,Germany,1631931.1053499999,0.942,4223116205968.92,3.8642817904073796e-07,3.8642817904073796e-07
31,Greece,47186.72648,0.887,216240589485.256,2.182140114967516e-07,2.182140114967516e-07
32,Guatemala,13752.740124,0.627,85986321551.2388,1.59941021733379e-07,1.59941021733379e-07
33,Honduras,10215.8,0.621,28488668301.6401,3.585917001045596e-07,3.585917001045596e-07
35,Hungary,141920.63514,0.846,182280517581.212,7.785836743456121e-07,7.785836743456121e-07
36,Iceland,5986.791187,0.959,25458933915.8742,2.3515482646612728e-07,2.3515482646612728e-07
37,India,395425.614321,0.633,3173397590816.91,1.2460638889538193e-07,1.2460638889538193e-07
38,Indonesia,229849.63809700002,0.705,1186092991320.04,1.937871986252892e-07,1.937871986252892e-07
40,Iraq,86298.3,0.686,207889333724.138,4.151165355819307e-07,4.151165355819307e-07
41,Ireland,190518.44111,0.945,498559576714.721,3.821377624825285e-07,3.821377624825285e-07
42,Israel,60158.769,0.919,481591266133.409,1.2491665283509313e-07,1.2491665283509313e-07
43,Italy,610284.42182,0.895,2099880198258.88,2.9062820932642666e-07,2.9062820932642666e-07
44,Japan,756031.6794690001,0.925,4937421880461.55,1.5312276280477095e-07,1.5312276280477095e-07
45,Jordan,9357.54648,0.72,45243661971.831,2.0682557671450358e-07,2.0682557671450358e-07
46,Kazakhstan,60624.697967,0.811,190814274226.211,3.1771573805390053e-07,3.1771573805390053e-07
47,Kenya,6739.0,0.575,110347079517.356,6.107094115653557e-08,6.107094115653557e-08
51,Latvia,20822.57261,0.863,38872546228.5653,5.356626882007187e-07,5.356626882007187e-07
53,Lithuania,40827.53188,0.875,65503849704.5997,6.232844644111517e-07,6.232844644111517e-07
54,Luxembourg,16623.48978,0.93,86710803337.0994,1.9171186449944474e-07,1.9171186449944474e-07
55,Malaysia,299028.11191,0.803,372701358820.264,8.023263259799568e-07,8.023263259799568e-07
56,Malta,3110.68373,0.918,17189730469.5554,1.8096175129152304e-07,1.8096175129152304e-07
57,Mauritius,1964.3,0.802,11156657769.6974,1.7606527335948546e-07,1.7606527335948546e-07
58,Mexico,494764.505,0.758,1293037866360.17,3.826372899602196e-07,3.826372899602196e-07
60,Morocco,35843.067789,0.683,132725261467.431,2.7005460296490285e-07,2.7005460296490285e-07
61,Netherlands,836511.7938699999,0.941,1018007056949.6,8.217151228563776e-07,8.217151228563776e-07
62,New Zealand,44757.798578,0.937,249991512236.526,1.7903727281609877e-07,1.7903727281609877e-07
63,Nigeria,46932.387,0.535,440776971536.015,1.0647649498668341e-07,1.0647649498668341e-07
64,North Macedonia,8185.664065,0.77,13879269151.5718,5.897763041847913e-07,5.897763041847913e-07
65,Norway,160105.796854,0.961,482437019790.454,3.3186880418824775e-07,3.3186880418824775e-07
66,Pakistan,28319.0,0.544,346343170486.072,8.176572374808479e-08,8.176572374808479e-08
67,Panama,3558.0,0.805,63605065800.0,5.593894063702077e-08,5.593894063702077e-08
68,Paraguay,10547.296493,0.717,38986810989.0011,2.70534989280749e-07,2.70534989280749e-07
69,Peru,59583.142495,0.762,223249497500.387,2.6689037674047495e-07,2.6689037674047495e-07
70,Philippines,74617.568026,0.699,394086419343.056,1.8934316018904645e-07,1.8934316018904645e-07
71,Poland,337908.38339000003,0.876,674048266397.369,5.01311849960006e-07,5.01311849960006e-07
72,Portugal,75181.03895,0.866,249886464354.752,3.0086078949546076e-07,3.0086078949546076e-07
73,Romania,87384.31821,0.821,284087563695.798,3.0759642229031696e-07,3.0759642229031696e-07
74,Russian Federation,493820.0,0.822,1775799919352.98,2.78083130097182e-07,2.78083130097182e-07
76,Serbia,25563.526935,0.802,63068134601.1254,4.053319017072029e-07,4.053319017072029e-07
77,Singapore,457357.319235,0.939,396986899888.351,1.1520715654940443e-06,1.1520715654940443e-06
79,Slovenia,57351.94357,0.918,61526331889.499,9.321528166672413e-07,9.321528166672413e-07
80,South Africa,123571.631265,0.713,419946428126.008,2.942557026057653e-07,2.942557026057653e-07
81,Spain,382361.21411,0.905,1425276586282.92,2.682715886796309e-07,2.682715886796309e-07
82,Sri Lanka,12498.6,0.782,84518830392.6157,1.4787947185189617e-07,1.4787947185189617e-07
83,Sweden,189734.13456,0.947,627437898887.29,3.023950814837262e-07,3.023950814837262e-07
84,Switzerland,380193.736836,0.962,812866928867.47,4.67719528663451e-07,4.67719528663451e-07
86,Thailand,272006.08,0.8,505981655622.305,5.375809122278568e-07,5.375809122278568e-07
87,Tunisia,16688.91073,0.731,46840042941.4922,3.562958033758868e-07,3.562958033758868e-07
89,Ukraine,68075.0,0.773,200085537744.354,3.402294876853034e-07,3.402294876853034e-07
90,United Kingdom,470880.98675599997,0.929,3186859739185.02,1.4775704778159425e-07,1.4775704778159425e-07
92,Uruguay,9540.698,0.809,59319547636.0876,1.6083564997039572e-07,1.6083564997039572e-07
